0 22.102 0.001 0.0 0.0 0.0 0.047 2.212 42.255 35.447 12.475 7.562
1 13.286 0.0 0.0 0.0 0.0 0.016 2.261 38.387 35.682 14.464 9.19
2 9.463 0.148 0.0 0.0 0.0 0.007 2.751 37.242 33.758 15.15 10.944
3 6.88 0.0 0.0 0.0 0.0 0.008 2.731 36.382 33.681 15.525 11.674
4 5.7 0.0 0.0 0.0 0.0 0.012 2.866 34.927 32.352 17.482 12.361
5 5.04 0.0 0.0 0.0 0.0 0.012 3.232 35.698 32.215 16.108 12.735
6 4.197 0.0 0.0 0.0 0.0 0.011 2.689 31.327 31.754 19.784 14.434
7 3.766 0.119 0.056 0.021 0.0 0.028 3.605 28.919 30.858 20.53 15.865
8 2.948 0.0 0.0 0.0 0.0 0.0 2.927 29.571 29.0 20.88 17.622
9 2.671 0.0 0.0 0.0 0.0 0.012 2.975 26.109 27.511 20.615 22.778
10 2.196 0.0 0.0 0.0 0.0 0.0 3.568 24.499 28.987 24.4 18.547
11 1.863 0.0 0.0 0.0 0.0 0.0 3.828 25.909 27.39 20.558 22.314
12 1.823 0.0 0.0 0.0 0.0 0.023 2.622 25.796 28.699 19.242 23.619
13 1.308 0.0 0.0 0.0 0.0 0.0 4.323 23.796 25.272 20.281 26.327
14 1.417 0.0 0.0 0.0 0.0 0.313 3.544 20.778 23.697 22.655 29.013
15 1.854 0.0 0.0 0.0 0.0 0.0 3.286 14.759 27.932 32.38 21.643
16 1.264 0.0 0.0 0.0 0.0 0.0 2.781 22.428 28.212 24.724 21.854
17 0.88 0.0 0.0 0.0 0.0 0.0 6.514 24.513 23.774 19.275 25.923
18 1.122 0.0 0.0 0.0 0.0 0.0 6.448 17.843 21.401 31.017 23.291
19 0.69 0.0 0.0 0.0 0.0 0.0 3.711 15.604 31.589 30.923 18.173
20 0.674 0.0 0.0 0.0 0.0 0.102 5.624 21.677 25.971 15.746 30.879
21 0.695 0.0 0.0 0.0 0.0 0.0 3.638 21.31 25.26 21.31 28.482
22 0.599 0.0 0.0 0.0 0.0 0.0 6.431 17.654 28.499 22.446 24.968
23 0.686 0.0 0.0 0.0 0.0 0.0 3.793 22.874 23.793 21.839 27.701
24 0.357 0.0 0.0 0.0 0.0 0.0 3.218 18.621 24.138 23.218 30.805
25 0.601 0.0 0.0 0.0 0.0 0.0 2.983 15.483 13.068 19.602 48.864
26 0.996 0.0 0.0 0.0 0.0 1.512 2.847 6.228 10.053 32.028 47.331
27 0.306 0.0 0.0 0.0 0.0 0.0 3.904 13.514 19.52 15.916 47.147
28 0.305 0.0 0.0 0.0 0.0 0.0 6.875 13.438 15.938 14.375 49.375
29 0.225 0.0 0.0 0.0 0.0 0.0 3.07 14.035 18.421 28.07 36.404
30 0.152 0.0 0.0 0.0 0.0 0.0 4.027 12.752 30.201 17.45 35.57
31 0.128 0.0 0.0 0.0 0.0 0.0 9.016 16.393 21.311 20.492 32.787
32 0.132 0.0 0.0 0.0 0.0 0.0 3.279 19.672 17.213 26.23 33.607
33 0.064 0.0 0.0 0.0 0.0 0.0 8.772 28.07 15.789 17.544 29.825
34 0.095 0.0 0.0 0.0 0.0 0.0 8.434 25.301 15.663 13.253 37.349
35 0.178 0.0 0.0 0.0 0.0 0.0 15.232 19.868 17.881 9.934 37.086
36 0.18 0.0 0.0 0.0 0.0 0.0 2.027 28.378 31.081 27.703 10.811
37 0.057 0.0 0.0 0.0 0.0 0.0 2.174 4.348 23.913 8.696 60.87
38 0.214 2.395 0.0 0.0 0.0 0.0 8.982 16.168 17.365 13.772 41.317
39 2.486 0.0 0.0 0.0 0.0 0.0 4.226 12.467 20.972 22.029 40.306
40 0.008 0.0 0.0 0.0 0.0 0.0 0.0 0.0 0.0 16.667 83.333
41 0.006 0.0 0.0 0.0 0.0 0.0 0.0 0.0 50.0 50.0 0.0
42 0.006 0.0 0.0 0.0 0.0 0.0 0.0 25.0 0.0 25.0 50.0
43 0.007 0.0 0.0 0.0 0.0 0.0 0.0 0.0 0.0 0.0 100.0
44 0.007 0.0 0.0 0.0 0.0 0.0 0.0 0.0 0.0 20.0 80.0
45 0.006 0.0 0.0 0.0 0.0 0.0 0.0 0.0 0.0 25.0 75.0
46 0.003 0.0 0.0 0.0 0.0 0.0 0.0 0.0 50.0 0.0 50.0
47 0.008 0.0 0.0 0.0 0.0 0.0 0.0 20.0 20.0 0.0 60.0
48 0.005 0.0 0.0 0.0 0.0 0.0 0.0 0.0 0.0 33.333 66.667
49 0.01 0.0 0.0 0.0 0.0 0.0 0.0 0.0 0.0 33.333 66.667
50 0.012 0.0 0.0 0.0 0.0 0.0 0.0 28.571 28.571 0.0 42.857
51 0.002 0.0 0.0 0.0 0.0 0.0 0.0 0.0 0.0 0.0 100.0
52 0.002 0.0 0.0 0.0 0.0 0.0 0.0 0.0 0.0 0.0 100.0
53 0.007 0.0 0.0 0.0 0.0 0.0 0.0 0.0 0.0 25.0 75.0
55 0.004 0.0 0.0 0.0 0.0 0.0 0.0 0.0 0.0 0.0 100.0
56 0.007 0.0 0.0 0.0 0.0 0.0 0.0 0.0 0.0 0.0 100.0
59 0.01 0.0 0.0 0.0 0.0 0.0 0.0 40.0 0.0 20.0 40.0
60 0.006 0.0 0.0 0.0 0.0 0.0 0.0 0.0 33.333 0.0 66.667
61 0.002 0.0 0.0 0.0 0.0 0.0 0.0 0.0 0.0 0.0 100.0
62 0.029 0.0 0.0 0.0 0.0 0.0 0.0 0.0 7.143 21.429 71.429
63 0.006 0.0 0.0 0.0 0.0 0.0 0.0 0.0 0.0 0.0 100.0
66 0.004 0.0 0.0 0.0 0.0 0.0 50.0 0.0 0.0 0.0 50.0
67 0.002 0.0 0.0 0.0 0.0 0.0 0.0 0.0 0.0 0.0 100.0
68 0.002 0.0 0.0 0.0 0.0 0.0 0.0 0.0 0.0 0.0 100.0
70 0.002 0.0 0.0 0.0 0.0 0.0 0.0 0.0 0.0 0.0 100.0
72 0.005 0.0 0.0 0.0 0.0 0.0 0.0 0.0 0.0 50.0 50.0
73 0.002 0.0 0.0 0.0 0.0 0.0 100.0 0.0 0.0 0.0 0.0
74 0.002 0.0 0.0 0.0 0.0 0.0 0.0 0.0 0.0 0.0 100.0
76 0.003 0.0 0.0 0.0 0.0 0.0 0.0 0.0 0.0 0.0 100.0
77 0.003 0.0 0.0 0.0 0.0 0.0 0.0 0.0 0.0 0.0 100.0
79 0.011 0.0 0.0 0.0 0.0 0.0 0.0 0.0 25.0 0.0 75.0
81 0.003 0.0 0.0 0.0 0.0 0.0 0.0 0.0 0.0 0.0 100.0
83 0.003 0.0 0.0 0.0 0.0 0.0 0.0 0.0 0.0 0.0 100.0
87 0.003 0.0 0.0 0.0 0.0 0.0 0.0 0.0 0.0 0.0 100.0
91 0.006 0.0 0.0 0.0 0.0 0.0 0.0 0.0 0.0 0.0 100.0
103 0.003 0.0 0.0 0.0 0.0 0.0 0.0 0.0 0.0 0.0 100.0
107 0.004 0.0 0.0 0.0 0.0 0.0 0.0 0.0 0.0 0.0 100.0
112 0.004 0.0 0.0 0.0 0.0 0.0 0.0 0.0 0.0 100.0 0.0
118 0.004 0.0 0.0 0.0 0.0 0.0 0.0 0.0 0.0 0.0 100.0
122 0.004 0.0 0.0 0.0 0.0 0.0 0.0 0.0 0.0 0.0 100.0
124 0.008 0.0 0.0 0.0 0.0 0.0 0.0 0.0 0.0 0.0 100.0
129 0.004 0.0 0.0 0.0 0.0 0.0 0.0 0.0 0.0 0.0 100.0
134 0.004 0.0 0.0 0.0 0.0 0.0 0.0 0.0 0.0 0.0 100.0
135 0.004 0.0 0.0 0.0 0.0 0.0 0.0 0.0 0.0 0.0 100.0
150 0.005 0.0 0.0 0.0 0.0 0.0 0.0 0.0 0.0 0.0 100.0
192 0.006 0.0 0.0 0.0 0.0 0.0 0.0 0.0 0.0 0.0 100.0
212 0.007 0.0 0.0 0.0 0.0 0.0 0.0 0.0 0.0 0.0 100.0
226 0.007 0.0 0.0 0.0 0.0 0.0 0.0 0.0 0.0 0.0 100.0
228 0.008 0.0 0.0 0.0 0.0 0.0 0.0 0.0 0.0 0.0 100.0
232 0.008 0.0 0.0 0.0 0.0 0.0 0.0 0.0 0.0 0.0 100.0
237 0.008 0.0 0.0 0.0 0.0 0.0 0.0 0.0 0.0 0.0 100.0
239 0.008 0.0 0.0 0.0 0.0 0.0 0.0 0.0 0.0 0.0 100.0
286 0.009 0.0 0.0 0.0 0.0 0.0 0.0 0.0 0.0 0.0 100.0
288 0.009 0.0 0.0 0.0 0.0 0.0 0.0 0.0 0.0 0.0 100.0
317 0.01 0.0 0.0 0.0 0.0 0.0 0.0 0.0 0.0 0.0 100.0
355 0.012 0.0 0.0 0.0 0.0 0.0 0.0 0.0 0.0 0.0 100.0
358 0.012 0.0 0.0 0.0 0.0 0.0 0.0 0.0 0.0 0.0 100.0
384 0.013 0.0 0.0 0.0 0.0 0.0 0.0 0.0 0.0 0.0 100.0
470 0.015 0.0 0.0 0.0 0.0 0.0 0.0 0.0 0.0 0.0 100.0
571 0.019 0.0 0.0 0.0 0.0 0.0 0.0 0.0 0.0 0.0 100.0
