0 22.548 0.001 0.0 0.0 0.0 0.047 2.205 42.26 35.463 12.452 7.571
1 13.432 0.0 0.0 0.0 0.0 0.015 2.26 38.229 35.82 14.539 9.137
2 9.567 0.149 0.0 0.0 0.0 0.005 2.792 37.138 33.515 15.177 11.224
3 6.658 0.0 0.0 0.0 0.0 0.012 2.658 36.41 34.003 15.43 11.487
4 5.712 0.0 0.0 0.0 0.0 0.006 2.97 35.386 31.817 17.424 12.397
5 5.557 0.0 0.0 0.0 0.0 0.011 3.061 34.863 32.902 16.507 12.656
6 4.113 0.0 0.0 0.0 0.0 0.011 2.899 31.185 31.691 19.454 14.76
7 3.487 0.13 0.061 0.023 0.0 0.031 3.486 27.776 29.224 22.443 16.826
8 3.005 0.0 0.0 0.0 0.0 0.0 3.001 27.475 28.416 20.774 20.334
9 2.637 0.0 0.0 0.0 0.0 0.013 2.786 26.862 29.129 22.404 18.807
10 1.878 0.0 0.0 0.0 0.0 0.0 4.264 25.856 28.594 20.712 20.575
11 1.793 0.0 0.0 0.0 0.0 0.0 3.196 24.894 27.933 20.559 23.419
12 1.804 0.0 0.0 0.0 0.0 0.024 3.273 24.958 26.546 20.337 24.862
13 1.323 0.0 0.0 0.0 0.0 0.0 3.852 24.841 26.29 20.671 24.346
14 1.431 0.0 0.0 0.0 0.0 0.315 3.5 19.041 23.766 23.276 30.102
15 1.839 0.0 0.0 0.0 0.0 0.0 3.313 15.635 28.829 31.357 20.866
16 1.389 0.0 0.0 0.0 0.0 0.0 3.761 23.712 27.719 23.63 21.177
17 0.971 0.0 0.0 0.0 0.0 0.0 7.735 20.792 20.916 25.619 24.938
18 0.755 0.0 0.0 0.0 0.0 0.0 4.706 18.403 20.756 31.176 24.958
19 0.675 0.0 0.0 0.0 0.0 0.0 2.77 12.859 33.927 29.377 21.068
20 0.75 0.0 0.0 0.0 0.0 0.093 5.607 21.215 23.271 17.57 32.243
21 0.858 0.0 0.0 0.0 0.0 0.0 4.709 20.377 30.223 21.062 23.63
22 0.499 0.0 0.0 0.0 0.0 0.0 5.692 17.538 22.615 19.077 35.077
23 0.603 0.0 0.0 0.0 0.0 0.0 3.191 25.399 24.468 23.803 23.138
24 0.407 0.0 0.0 0.0 0.0 0.0 2.664 17.623 18.852 26.844 34.016
25 0.918 0.0 0.0 0.0 0.0 1.608 4.068 10.407 12.961 27.247 43.709
26 0.599 0.0 0.0 0.0 0.0 0.0 1.054 6.325 8.434 23.946 60.241
27 0.278 0.0 0.0 0.0 0.0 0.0 7.407 14.141 16.498 16.162 45.791
28 0.317 0.0 0.0 0.0 0.0 0.0 3.976 12.844 18.349 22.018 42.813
29 0.165 0.0 0.0 0.0 0.0 0.0 4.242 15.758 21.212 21.212 37.576
30 0.148 0.0 0.0 0.0 0.0 0.0 6.294 16.783 27.972 18.182 30.769
31 0.134 0.0 0.0 0.0 0.0 0.0 5.6 17.6 17.6 22.4 36.8
32 0.137 0.0 0.0 0.0 0.0 0.0 6.452 20.161 20.968 25.806 26.613
33 0.085 0.0 0.0 0.0 0.0 0.0 8.0 22.667 12.0 21.333 36.0
34 0.12 0.0 0.0 0.0 0.0 0.0 20.388 23.301 19.417 7.767 29.126
35 0.121 0.0 0.0 0.0 0.0 0.0 4.95 26.733 17.822 9.901 40.594
36 0.166 0.0 0.0 0.0 0.0 0.0 2.239 23.881 31.343 27.612 14.925
37 0.231 2.198 0.0 0.0 0.0 0.0 6.044 14.835 21.978 13.187 41.758
38 2.488 0.0 0.0 0.0 0.0 0.0 4.346 12.408 20.733 21.885 40.628
39 0.013 0.0 0.0 0.0 0.0 0.0 0.0 10.0 30.0 40.0 20.0
40 0.005 0.0 0.0 0.0 0.0 0.0 0.0 0.0 0.0 25.0 75.0
41 0.003 0.0 0.0 0.0 0.0 0.0 0.0 0.0 0.0 0.0 100.0
42 0.007 0.0 0.0 0.0 0.0 0.0 0.0 20.0 0.0 20.0 60.0
43 0.012 0.0 0.0 0.0 0.0 0.0 0.0 0.0 0.0 12.5 87.5
44 0.006 0.0 0.0 0.0 0.0 0.0 0.0 0.0 25.0 0.0 75.0
45 0.005 0.0 0.0 0.0 0.0 0.0 0.0 33.333 0.0 0.0 66.667
46 0.003 0.0 0.0 0.0 0.0 0.0 0.0 0.0 0.0 50.0 50.0
47 0.011 0.0 0.0 0.0 0.0 0.0 0.0 0.0 14.286 28.571 57.143
48 0.008 0.0 0.0 0.0 0.0 0.0 0.0 20.0 20.0 0.0 60.0
49 0.003 0.0 0.0 0.0 0.0 0.0 0.0 50.0 50.0 0.0 0.0
50 0.003 0.0 0.0 0.0 0.0 0.0 0.0 0.0 0.0 0.0 100.0
51 0.005 0.0 0.0 0.0 0.0 0.0 0.0 0.0 0.0 33.333 66.667
52 0.002 0.0 0.0 0.0 0.0 0.0 0.0 0.0 0.0 0.0 100.0
53 0.004 0.0 0.0 0.0 0.0 0.0 0.0 0.0 0.0 0.0 100.0
55 0.007 0.0 0.0 0.0 0.0 0.0 0.0 0.0 0.0 0.0 100.0
56 0.004 0.0 0.0 0.0 0.0 0.0 0.0 0.0 0.0 0.0 100.0
57 0.006 0.0 0.0 0.0 0.0 0.0 0.0 66.667 0.0 33.333 0.0
58 0.004 0.0 0.0 0.0 0.0 0.0 0.0 0.0 50.0 0.0 50.0
59 0.006 0.0 0.0 0.0 0.0 0.0 0.0 0.0 0.0 0.0 100.0
60 0.029 0.0 0.0 0.0 0.0 0.0 0.0 0.0 7.143 21.429 71.429
61 0.002 0.0 0.0 0.0 0.0 0.0 0.0 0.0 0.0 0.0 100.0
63 0.004 0.0 0.0 0.0 0.0 0.0 0.0 0.0 0.0 0.0 100.0
64 0.004 0.0 0.0 0.0 0.0 0.0 50.0 0.0 0.0 0.0 50.0
65 0.002 0.0 0.0 0.0 0.0 0.0 0.0 0.0 0.0 0.0 100.0
66 0.002 0.0 0.0 0.0 0.0 0.0 0.0 0.0 0.0 0.0 100.0
67 0.002 0.0 0.0 0.0 0.0 0.0 0.0 0.0 0.0 0.0 100.0
69 0.005 0.0 0.0 0.0 0.0 0.0 0.0 0.0 0.0 50.0 50.0
71 0.005 0.0 0.0 0.0 0.0 0.0 50.0 0.0 0.0 0.0 50.0
76 0.005 0.0 0.0 0.0 0.0 0.0 0.0 0.0 0.0 0.0 100.0
77 0.008 0.0 0.0 0.0 0.0 0.0 0.0 0.0 33.333 0.0 66.667
79 0.003 0.0 0.0 0.0 0.0 0.0 0.0 0.0 0.0 0.0 100.0
81 0.003 0.0 0.0 0.0 0.0 0.0 0.0 0.0 0.0 0.0 100.0
83 0.003 0.0 0.0 0.0 0.0 0.0 0.0 0.0 0.0 0.0 100.0
87 0.003 0.0 0.0 0.0 0.0 0.0 0.0 0.0 0.0 0.0 100.0
89 0.003 0.0 0.0 0.0 0.0 0.0 0.0 0.0 0.0 0.0 100.0
91 0.003 0.0 0.0 0.0 0.0 0.0 0.0 0.0 0.0 0.0 100.0
103 0.003 0.0 0.0 0.0 0.0 0.0 0.0 0.0 0.0 0.0 100.0
107 0.004 0.0 0.0 0.0 0.0 0.0 0.0 0.0 0.0 0.0 100.0
108 0.004 0.0 0.0 0.0 0.0 0.0 0.0 0.0 0.0 100.0 0.0
118 0.008 0.0 0.0 0.0 0.0 0.0 0.0 0.0 0.0 0.0 100.0
123 0.004 0.0 0.0 0.0 0.0 0.0 0.0 0.0 0.0 0.0 100.0
124 0.008 0.0 0.0 0.0 0.0 0.0 0.0 0.0 0.0 0.0 100.0
134 0.005 0.0 0.0 0.0 0.0 0.0 0.0 0.0 0.0 0.0 100.0
135 0.005 0.0 0.0 0.0 0.0 0.0 0.0 0.0 0.0 0.0 100.0
150 0.005 0.0 0.0 0.0 0.0 0.0 0.0 0.0 0.0 0.0 100.0
190 0.006 0.0 0.0 0.0 0.0 0.0 0.0 0.0 0.0 0.0 100.0
212 0.007 0.0 0.0 0.0 0.0 0.0 0.0 0.0 0.0 0.0 100.0
225 0.008 0.0 0.0 0.0 0.0 0.0 0.0 0.0 0.0 0.0 100.0
228 0.008 0.0 0.0 0.0 0.0 0.0 0.0 0.0 0.0 0.0 100.0
232 0.008 0.0 0.0 0.0 0.0 0.0 0.0 0.0 0.0 0.0 100.0
237 0.008 0.0 0.0 0.0 0.0 0.0 0.0 0.0 0.0 0.0 100.0
239 0.008 0.0 0.0 0.0 0.0 0.0 0.0 0.0 0.0 0.0 100.0
277 0.009 0.0 0.0 0.0 0.0 0.0 0.0 0.0 0.0 0.0 100.0
286 0.01 0.0 0.0 0.0 0.0 0.0 0.0 0.0 0.0 0.0 100.0
310 0.01 0.0 0.0 0.0 0.0 0.0 0.0 0.0 0.0 0.0 100.0
355 0.012 0.0 0.0 0.0 0.0 0.0 0.0 0.0 0.0 0.0 100.0
358 0.012 0.0 0.0 0.0 0.0 0.0 0.0 0.0 0.0 0.0 100.0
384 0.013 0.0 0.0 0.0 0.0 0.0 0.0 0.0 0.0 0.0 100.0
470 0.016 0.0 0.0 0.0 0.0 0.0 0.0 0.0 0.0 0.0 100.0
557 0.019 0.0 0.0 0.0 0.0 0.0 0.0 0.0 0.0 0.0 100.0
